4.106
3.766
3.799
4.996
4.817
3.856
3.316
3.976
4.896
6.444
3.367
3.840
3.863
3.923
3.997
3.807
4.815
4.152
3.582
4.988
4.853
3.922
4.002
3.620
3.933
3.874
4.110
3.716
3.940
3.915
3.816
3.912
3.849
4.903
4.810
5.116
4.207
4.859
3.947
3.889
3.912
3.984
3.714
4.006
4.258
3.461
3.780
3.987
4.032
3.788
4.847
3.939
3.932
3.861
4.876
3.818
3.920
3.994
3.909
3.751
4.103
3.664
6.318
3.626
3.782
3.376
4.150
3.623
5.101
4.779
3.807
4.267
3.551
3.927
5.192
3.641
3.877
3.851
3.937
3.931
4.704
4.998
5.186
4.518
3.827
3.976
4.076
3.832
3.692
3.917
3.863
3.876
3.869
3.908
3.978
3.195
3.954
3.968
3.877
3.840
3.841
4.239
4.581
3.817
3.957
4.090
3.683
3.895
3.986
3.925
4.854
4.848
3.881
3.787
4.022
3.885
3.954
3.726
3.923
3.927
4.081
4.903
5.068
4.536
5.683
3.653
3.551
3.969
4.237
3.711
3.695
4.968
3.789
4.268
3.532
3.913
5.018
4.666
4.236
3.598
3.960
4.934
4.031
3.841
3.758
3.595
3.997
3.950
3.763
3.927
3.854
4.907
3.891
3.876
3.854
3.652
3.647
4.009
4.799
3.876
3.849
3.869
3.909
4.949
4.009
3.786
3.849
3.849
5.922
3.976
3.956
3.735
4.885
3.925
3.883
3.969
3.961
3.773
4.963
3.757
3.978
3.850
3.777
3.909
3.749
4.281
3.990
5.889
3.630
3.887
3.875
4.941
3.768
3.940
4.013
3.865
4.418
3.849
3.593
4.913
4.147
3.618
3.906
4.892
3.966
4.835
4.992
3.868
3.787
3.899
3.912
4.819
5.134
3.691
3.978
3.252
5.041
5.876
3.788
3.844
3.961
3.987
3.754
3.993
3.772
3.840
5.002
3.784
3.956
3.840
4.091
3.659
3.975
3.879
4.882
4.908
3.821
3.900
4.972
3.781
3.904
3.872
3.911
3.897
3.861
3.347
3.893
4.978
5.980
4.157
3.477
4.944
3.845
3.836
4.045
3.836
3.908
3.841
4.021
4.896
4.930
3.826
4.807
3.931
3.974
3.722
3.885
4.013
3.816
3.906
3.917
3.851
3.898
3.714
3.866
3.391
4.903
3.892
4.960
3.867
4.829
3.873
3.889
4.844
5.098
3.761
3.639
3.870
4.090
3.736
3.769
3.691
4.930
3.878
3.853
5.096
4.809
3.773
3.877
3.906
4.881
4.188
4.650
3.994
3.226
3.895
3.916
3.935
3.866
3.897
3.823
3.908
4.720
3.687
4.879
3.958
3.875
4.838
3.896
4.902
3.940
4.853
4.119
4.594
3.963
3.958
3.875
4.763
3.984
3.892
4.827
3.961
4.948
3.848
3.290
3.931
4.893
3.933
3.863
3.905
3.977
3.687
3.723
3.915
3.819
4.881
4.012
3.820
3.898
3.936
3.864
3.957
3.803
4.986
3.860
3.895
4.851
4.922
3.883
3.756
4.129
3.669
3.690
4.859
3.592
3.965
4.702
4.909
3.810
4.853
3.949
5.006
3.872
3.764
5.019
3.791
3.999
3.790
3.898
3.910
3.825
3.907
3.950
3.891
3.867
3.963
4.031
4.600
5.013
3.854
4.121
3.702
3.907
3.846
3.456
3.783
3.821
3.853
5.076
3.809
3.869
3.913
5.940
3.847
3.913
3.841
3.892
3.818
3.738
3.870
3.917
3.947
3.956
3.749
3.945
4.802
4.946
3.839
3.885
4.966
3.906
3.926
3.798
3.799
3.124
3.873
3.924
3.895
3.948
3.856
4.054
3.713
4.996
3.819
4.985
4.774
4.886
3.969
4.232
4.601
3.793
4.871
4.140
3.484
4.915
4.889
3.525
3.888
4.023
3.757
4.901
3.848
3.970
4.907
5.411
4.883
3.741
3.960
3.864
5.922
3.793
4.892
3.942
4.953
4.762
4.009
3.790
4.134
3.635
3.926
3.863
4.935
3.867
3.902
3.820
5.098
3.731
3.896
3.898
3.905
4.616
3.718
3.741
4.928
3.430
3.852
3.970
3.855
3.912
3.827
3.911
4.980
3.841
3.898
3.942
4.868
3.808
4.980
3.927
4.841
3.854
3.989
3.839
3.896
3.877
3.930
3.951
3.885
3.829
3.952
3.824
3.950
3.876
3.866
3.311
3.881
3.895
3.854
3.927
3.889
3.850
4.037
4.833
3.793
5.098
3.771
4.830
3.915
3.845
3.934
3.958
4.914
3.864
3.790
5.025
3.825
4.858
3.904
3.962
3.884
3.983
3.859
3.795
4.523
3.901
3.630
3.906
3.844
5.067
4.688
3.998
4.825
3.848
3.989
4.907
3.919
3.876
3.768
4.193
4.723
3.824
3.947
3.823
3.879
3.829
4.021
4.854
5.131
3.726
3.827
4.853
4.990
4.927
4.301
6.002
3.808
4.921
3.910
4.889
3.767
3.954
3.908
4.782
3.918
4.036
4.895
4.902
3.821
4.925
3.800
5.004
5.115
4.658
3.908
3.749
3.965
4.799
4.111
5.889
3.783
3.915
4.891
3.796
5.036
5.049
4.776
3.885
3.927
4.747
3.900
3.845
4.825
3.912
3.878
3.926
3.904
3.907
3.783
5.074
4.808
3.868
4.960
3.821
4.865
3.933
3.822
4.925
3.882
3.895
3.798
4.051
3.840
4.830
3.400
3.979
3.630
4.858
3.919
3.896
4.962
4.791
3.939
3.856
4.893
3.868
3.956
3.874
4.002
3.486
4.814
4.894
3.927
4.833
5.197
4.676
3.855
3.848
3.858
6.087
3.860
3.617
3.631
5.063
4.427
3.868
4.988
3.887
3.807
3.987
4.921
3.799
3.834
3.964
3.399
3.921
4.795
3.942
3.911
3.860
3.958
3.784
4.047
4.800
4.953
3.960
3.695
3.937
3.574
5.038
3.824
3.877
3.888
3.945
3.529
3.255
3.923
3.868
3.928
4.944
3.939
3.884
3.758
4.005
3.825
3.857
3.898
5.903
3.827
3.908
3.927
3.812
3.903
3.924
3.901
3.868
5.077
3.641
3.889
3.922
3.943
3.906
4.902
3.919
3.599
3.924
3.833
3.847
3.975
3.897
3.874
3.917
3.859
3.949
3.865
4.845
3.950
3.813
4.151
3.712
3.841
6.034
3.826
3.873
4.997
4.754
4.987
3.792
3.914
3.968
3.918
3.863
3.858
3.920
3.489
5.983
4.029
3.937
4.731
3.834
4.856
3.884
3.974
3.871
3.872
3.920
3.872
3.855
3.922
3.713
3.891
3.975
3.911
3.847
4.036
3.768
3.868
3.908
3.950
4.854
3.843
3.958
3.823
3.525
4.990
4.832
3.909
3.881
3.934
3.850
3.858
3.978
4.025
3.842
3.914
4.889
5.893
3.562
4.953
3.906
4.846
4.862
5.024
4.832
3.894
5.918
3.824
3.895
3.819
3.980
3.827
3.910
3.910
4.503
4.954
3.737
4.008
5.936
3.814
3.845
4.744
4.833
4.912
3.865
3.971
4.922
3.800
4.000
3.830
3.866
3.908
3.914
3.883
5.076
3.708
3.918
3.921
4.905
3.860
3.922
3.867
3.832
3.909
3.450
3.935
4.008
3.968
3.707
3.881
4.975
3.552
3.899
5.045
4.727
4.992
4.753
3.992
3.821
3.989
4.809
3.883
3.988
3.831
4.954
3.921
3.872
3.815
4.944
3.869
3.933
4.903
3.805
3.949
3.487
3.901
5.031
3.703
4.922
4.956
3.795
3.877
3.892
4.938
4.908
3.821
3.912
4.970
3.770
3.909
3.949
3.844
3.968
3.882
3.741
3.983
3.886
4.974
5.788
3.862
3.856
3.875
3.628
3.949
4.512
3.748
4.017
4.845
4.921
3.830
3.844
3.890
3.886
3.639
3.832
5.004
3.835
4.987
4.836
3.976
3.855
3.873
3.837
5.165
5.549
3.894
3.958
3.981
3.734
4.083
4.648
3.998
3.719
3.940
3.543
3.874
4.056
4.689
3.883
3.919
4.190
3.605
3.877
4.809
3.887
3.874
4.865
3.948
3.894
3.949
3.776
3.855
3.865
4.965
3.846
4.977
3.720
3.949
3.811
4.032
3.766
3.829
3.838
5.019
3.325
3.932
4.853
3.856
3.973
3.894
3.760
5.934
4.841
3.892
3.701
4.885
4.889
3.865
3.865
4.910
3.971
3.842
3.786
3.901
3.918
4.626
3.876
3.964
3.884
3.790
5.140
3.656
3.750
3.892
4.578
3.928
4.917
4.859
3.834
3.850
3.904
3.826
4.010
4.869
3.780
4.994
3.841
4.865
4.308
3.538
3.959
3.837
3.890
3.825
4.209
3.585
3.981
5.791
3.767
4.012
4.882
3.777
4.076
4.370
4.814
3.898
4.019
4.852
3.792
3.902
3.854
4.980
3.844
3.874
4.940
4.140
3.501
3.858
3.828
4.937
3.838
5.919
4.843
3.905
3.748
4.918
3.956
3.842
3.915
5.971
4.815
5.004
4.010
3.219
3.941
3.871
3.922
3.896
4.898
3.914
3.871
4.968
3.845
3.826
3.874
4.188
3.691
3.793
4.021
3.805
3.885
3.980
3.937
4.778
3.984
4.363
3.315
3.955
3.993
4.925
3.716
3.844
4.957
3.429
3.829
4.874
3.865
4.064
3.826
3.830
3.910
3.795
3.924
3.899
3.910
3.924
3.762
4.082
3.946
3.798
3.685
5.009
3.929
4.769
3.928
3.735
3.789
5.014
3.840
3.942
3.861
3.860
3.891
3.495
3.953
3.850
5.081
3.752
4.070
3.695
4.001
3.742
4.865
3.948
3.915
3.904
4.959
4.978
3.625
3.929
3.866
5.245
4.658
3.804
4.748
3.947
3.991
3.783
5.315
4.336
3.959
3.907
3.891
3.528
4.878
3.788
5.037
3.739
3.864
3.927
3.868
3.868
3.921
4.947
3.501
3.829
3.913
3.922
3.914
3.997
3.750
3.888
4.133
3.701
4.989
4.794
3.923
4.915
3.864
4.943
3.842
3.824
4.843
3.603
3.814
4.984
4.888
3.858
3.871
3.867
3.874
3.967
3.762
4.962
4.184
3.649
3.864
4.094
4.786
3.680
3.813
3.979
3.910
3.939
3.755
5.116
3.614
4.011
3.567
3.894
3.957
3.858
4.913
3.561
3.684
5.185
4.851
4.794
3.852
3.768
4.864
3.886
4.962
3.937
4.872
4.871
3.817
4.002
4.027
3.554
5.203
3.655
3.863
3.994
3.807
3.767
4.034
3.798
4.210
3.577
3.830
3.970
4.845
3.328
3.903
4.155
3.628
3.868
3.989
3.794
4.052
3.631
4.902
3.868
4.046
4.780
3.796
3.959
4.858
3.916
4.216
3.587
5.457
3.438
4.742
4.777
3.933
3.975
4.029
3.693
3.889
4.935
3.433
5.080
4.836
3.781
3.888
3.886
3.965
3.912
3.890
3.922
3.931
3.767
3.998
5.204
3.529
3.870
4.086
3.726
3.871
3.839
3.954
4.896
5.165
3.572
3.918
3.901
5.033
3.971
3.568
6.056
3.423
3.922
3.933
4.076
4.543
4.928
3.971
3.874
3.799
5.027
3.741
3.866
3.962
3.840
4.100
3.639
3.957
3.839
4.037
3.724
3.858
3.946
5.129
3.568
3.929
3.873
3.870
3.899
3.866
3.873
3.417
3.923
4.024
3.738
3.977
3.788
3.853
5.992
3.793
3.996
3.959
3.838
3.776
3.909
3.880
3.881
4.017
3.832
3.836
3.925
3.907
3.938
3.809
3.958
3.832
3.958
3.824
3.846
5.135
3.655
4.658
4.799
3.847
3.915
3.872
3.861
3.858
4.010
3.720
7.115
3.735
3.824
4.983
3.858
3.823
3.996
3.880
3.845
3.853
3.939
3.846
3.962
4.977
5.848
3.788
6.136
3.843
3.718
3.827
3.980
3.445
3.893
4.334
3.404
3.935
3.928
4.791
3.961
3.860
4.933
3.946
3.769
3.981
5.896
3.761
3.855
5.969
3.855
3.782
3.994
3.915
3.788
3.922
3.813
3.874
3.985
3.922
3.841
3.843
3.982
4.508
3.754
3.903
3.877
3.954
3.881
4.316
3.641
3.749
3.881
3.933
4.889
3.912
3.770
4.869
3.938
3.949
3.824
3.948
3.902
4.889
3.890
5.965
3.820
3.945
3.807
3.942
4.933
4.783
3.959
3.398
3.908
3.998
4.058
3.587
4.041
3.776
3.980
4.904
4.812
3.835
4.911
3.857
3.884
4.861
4.886
3.896
3.955
3.600
3.843
4.975
4.925
3.815
3.922
3.821
3.811
3.938
3.907
3.841
4.994
3.554
5.074
3.695
3.940
3.766
