0.000000041
0.000007558
0.000000353
0.000007724
0.000003858
0.000005834
0.000004176
0.000002440
0.000001201
0.000013085
0.000003330
0.000006349
0.000004413
0.000004320
0.000003236
0.000001755
0.000000659
0.000000009
0.000001543
0.000005055
0.000004791
0.000000382
0.000006835
0.000001653
0.000003139
0.000002929
0.000003029
0.000003179
0.000009060
0.000000297
0.000000789
0.000001894
0.000020706
0.000012451
0.000008112
0.000003510
0.000000097
0.000021527
0.000001335
0.000001145
0.000013751
0.000000727
0.000003681
0.000005798
0.000014258
0.000003189
0.000000273
0.000010593
0.000005186
0.000004116
0.000001980
0.000003120
0.000011824
0.000001420
0.000003425
0.000001629
0.000011888
0.000004057
0.000003383
0.000002454
0.000009174
0.000000322
0.000024953
0.000001640
0.000001540
0.000003919
0.000007460
0.000005068
0.000008449
0.000004799
0.000000526
0.000001827
0.000002310
0.000008565
0.000001379
0.000000698
0.000002065
0.000000148
0.000004709
0.000001615
0.000000881
0.000012888
0.000004487
0.000008998
0.000006678
0.000003181
0.000015965
0.000003681
0.000005264
0.000001607
0.000003255
0.000001598
0.000003885
0.000002896
0.000000585
0.000001791
0.000002758
0.000014402
0.000019398
0.000000818
0.000000632
